		3	4	5	6	7	8	9	10
11	12	13	14	15	16	17	18
19	20	21	22	23	24	25			
B
26	27	28	29	30	31	32	33
34	35	36	37	38	39	40	41
42	43	44	45	46	47	48	49
50	51	52	53	54	55	56	57
58	59	60	61	62	63	64	65
66	67	68	69	70	71	72	73
74	75	76	77	78	79	80	81
82	83	84	85	86	87	88	89
90	91	92	93	94	95	96	97
98	99	100	101	102	103	104	105
106	107	108	109	110	111	112	113
114	115	116	117	118	119	120	121
122	123	124	125	126	127	128	129
130	131	132	133	134	135	136	137
138	139	140	141				
C
142	143	144	145	146	147	148	149
150	151	152	153	154	155	156	157
158	159	160	161	162	163	164	165
166	167	168	169	170	171	172	173
174	175	176	177	178	179	180	181
182	183	184	185	186	187	188	189
190	191	192	193	194	195	196	197
198	199	200	201	202	203	204	205
206	207	208	209	210	211	212	213
214	215	216	217	218	219	220	221
222	223	224	225	226	227	228	229
230	231	232	233	234	235	236	237
238	239	240	241	242	243	244	245
246	247	248	249	250	251	252	253
254	255	256	257	258	259	260	261
262	263	264	265	266	267	268	269
270	271	272	273	274	275	276	277
278	279	280	281	282	283	284	285
286	287	288	289	290	291	292	293
294	295	296	297	298			
D
299	300	301	302	303	304	305	306
307	308	309	310	311	312	313	314
315	316	317	318	319	320	321	322
323	324	325	326	327	328	329	330
331	332	333	334	335	336	337	338
339	340	341	342	343	344	345	346
347	348	349	350	351	352	353	354
355	356	357	358	359	360	361	362
363	364	365	366	367	368	369	370
371	372	373	374	375	376	377	378
379	380	381	382	383	384	385	386
387	388	389	390	391	392	393	394
395	396	397	398	399	400	401	402
403	404	405	406	407	408	409	410
411	412	413	414	415	416	417	418
419									
E
420	421	422	423	424	425	426	427
428	429	430	431								
F
432	433	434	435	436	437	438	439
440	441	442	443	444	445	446	447
448	449	450	451	452	453	454	455
456	457	458	459	460	461	462	463
464	465	466	467	468	469	470	471
472	473	474	475	476	477	478	479
480	481	482	483	484	485	486	487
488	489	490	491	492	493	494	495
496	497	498	499	500	501	502	503
504	505	506	507	508	509	510	511
512	513	514	515	516	517	518	519
520	521	522	523	524							
G
525	526	527	528	529	530	531	532
533	534	535	536	537	538	539	540
541	542	543	544	545	546	547	548
549	550	551	552	553	554	555	556
557	558	559	560	561	562	563	564
565	566	567	568	569	570	571	572
573	574	575	576	577	578	579	580
581	582	583	584	585	586	587	588
589	590	591	592	593	594	595	596
597	598	599	600	601	602	603	604
605	606	607	608	609	610	611	612
613	614	615	616	617	618	619	620
621	622	623	624	625	626	627	628
629	630	631			
H
632	633	634	635	636	637	638	639
640	641	642	643	644	645	646	647
648	649	650	651	652	653	654	655
656	657	658	659	660	661	662	663
664	665	666	667	668	669	670	671
672	673	674	675	676	677	678	679
680	681	682	683	684	685	686	687
688	689	690	691	692	693	694	695
696	697	698	699	700	701	702	703
704	705	706	707	708	709	710	711
712	713	714	715	716	717	718	719
720	721	722	723	724	725	726	727
728	729	730	731	732	733	734	735
736	737	738	739	740	741	742	743
744	745	746	747	748	749	750	751
752	753	754	755	756					
J
757	758	759	760	761	762	763	764
765	766	767	768	769	770	771	772
773	774	775	776	777	778	779	780
781	782	783	784	785	786	787	788
789	790	791	792	793	794	795	796
797	798	799	800	801	802	803	804
805	806	807	808	809	810	811	812
813	814	815	816	817	818	819	820
821	822	823	824	825	826	827	828	
829	830	831	832	833	834	835	836
837	838	839	840	841	842	843	844	
845	846	847	848	849	850	851	852
853	854	855	856	857	858	859	860
861	862	863	864	865	866	867	868
869	870	871	872	873	874	875	876
877	878	879	880	881	882	883	884
885	886	887	888	889	890	891	892
893	894	895	896	897	898	899	900	
901	902	903	904	905	906	907	908
909	910	911	912	913	914	915	916
917	918	919	920	921	922	923	924
925	926	927	928	929	930	931	932
933	934	935	936	937	938	939	940
941	942	943	944	945	946	947	948
949	950	951					
K
952	953	954	955	956	957	958	959
960	961	962	963	964	965	966	967
968	969	970	971	972	973	974	975
976	977	978	979	980	981	982	983
984	985	986	987	988	989	990	991
992	993	994	995	996	997	998	999
1000	1001	1002	1003	1004	1005	1006	1007
1008			
L
1009	1010	1011	1012	1013	1014	1015	1016
1017	1018	1019	1020	1021	1022	1023	1024
1025	1026	1027	1028	1029	1030	1031	1032
1033	1034	1035	1036	1037	1038	1039	1040
1041	1042	1043	1044	1045	1046	1047	1048
1049	1050	1051	1052	1053	1054	1055	1056
1057	1058	1059	1060	1061	1062	1063	1064
1065	1066	1067	1068	1069	1070	1071	1072
1073	1074	1075	1076	1077	1078	1079	1080
1081	1082	1083	1084	1085	1086	1087	1088
1089	1090	1091	1092	1093	1094	1095	1096
1097	1098	1099	1100	1101	1102	1103	1104
1105	1106	1107	1108	1109	1110	1111	1112
1113	1114	1115	1116	1117	1118	1119	1120
1121	1122	1123	1124	1125	1126	1127¡	1128¢
1129£	1130¥	1131©	1132¶	1133¬	1134«	1135¯	1136³
1137½	1138¼	1139¹	1140µ	1141·	1142¿	1143	1144
1145	1146	1147	1148	1149	1150	1151	1152
1153	1154	1155	1156	1157	1158	1159	1160
1161	1162	1163	1164	1165	1166	1167	
M
1168	1169	1170	1171	1172	1173	1174	1175
1176	1177	1178	1179	1180	1181	1182	1183
1184	1185	1186	1187	1188æ	1189â	1190ä	1191ã
1192è	1193ë	1194ì	1195é	1196ï	1197ð	1198ó	1199ñ
1200ò	1201ô	1202û	1203ö	1204õ	1205ü	1206÷	1207ý
1208ú	1209ù	1210ÿ	1211	1212	1213	1214	1215
1216	1217	1218	1219	1220	1221	1222	1223
1224	1225	1226	1227	1228	1229	1230	1231
1232	1233	1234	1235	1236	1237	1238	1239
1240	1241	1242	1243	1244	1245	1246	1247
1248	1249ģ	1250Ĥ	1251Ħ	1252ĥ	1253Ģ	1254ħ	1255Ĩ
1256ĩ	1257ĭ	1258İ	1259Ī	1260Į	1261ī	1262Ĭ	1263ı
1264ĳ	1265ĸ	1266Ķ	1267ĵ	1268ķ	1269Ĵ	1270ľ	1271Ŀ
1272	1273Ĺ	1274Ļ	1275Ľ	1276	
N
1277	1278	1279	1280	1281	1282	1283	1284
1285	1286	1287	1288	1289	1290	1291	1292
1293	1294	1295	1296	1297	1298	1299	1300
1301	1302	1303	1304	1305	1306	1307	1308
1309	1310	1311	1312	1313ţ	1314Ť	1315Ŧ	1316ũ
1317Ũ	1318Ū	1319ū	1320Ŭ	1321ŭ	1322Ů	1323ů	1324Ų
1325ŵ	
O
1326Ŷ	1327ŷ	1328ż							
P
1329	1330	1331	1332	1333	1334	1335	1336
1337	1338	1339	1340	1341	1342	1343	1344
1345	1346	1347	1348	1349	1350	1351	1352
1353	1354	1355	1356	1357	1358	1359	1360
1361	1362	1363	1364	1365Ƥ	1366ƣ	1367Ƣ	1368ƥ
1369ƨ	1370Ʃ	1371Ƭ	1372ƫ	1373ƪ	1374ƭ	1375Ư	1376Ʈ
1377ư	1378Ʊ	1379ƴ	1380ƶ	1381Ƶ	1382Ʒ	1383ƽ	1384
1385ƾ	1386ƻ	1387	1388ƿ	1389Ƽ	1390	1391	1392
1393	1394	1395	1396	1397	1398	1399	1400
1401	1402	1403	1404				
Q
1405	1406	1407	1408	1409	1410	1411	1412
1413	1414	1415	1416	1417	1418	1419	1420
1421	1422	1423	1424	1425	1426	1427	1428
1429ǡ	1430ǧ	1431Ǩ	1432ǣ	1433Ǧ	1434ǫ	1435ǩ	1436ǰ
1437Ǯ	1438Ǳ	1439ǳ	1440ǲ	1441Ƿ	1442ǹ	1443ǻ	1444ǿ
1445ǽ	1446	1447	1448	1449	1450	1451	1452
1453	1454	1455	1456	1457	1458	1459	1460
1461	1462	1463	1464	1465	1466	1467	1468
1469	1470	1471	1472	1473	1474	1475	1476
1477	1478	1479	1480	1481	1482	1483	1484
1485ȡ	1486Ȣ	1487ȥ	1488Ȥ	1489Ȧ	1490ȫ	1491Ȩ	1492Ȫ
1493ȭ	1494Ȯ	1495Ȱ	1496ȯ	1497ȱ	1498ȴ	1499ȸ	1500ȷ
1501ȵ	1502ȹ	1503Ⱥ	
R
1504Ȼ	1505ȼ	1506Ⱦ	1507	1508	1509	1510	1511
1512	1513	1514	1515	1516	1517	1518	1519
1520	1521	1522	1523	1524	1525	1526	1527
1528	1529	1530	1531	1532	1533	1534	1535
1536	1537	1538	1539	1540	1541		
S
1542	1543	1544	1545	1546	1547	1548ɡ	1549ɢ
1550ɣ	1551ɤ	1552ɥ	1553ɨ	1554ɩ	1555ɫ	1556ɭ	1557ɮ
1558ɱ	1559ɳ	1560ɴ	1561ɲ	1562ɰ	1563ɵ	1564ɶ	1565ɹ
1566ɽ	1567ɼ	1568	1569ɺ	1570	1571	1572	1573
1574	1575	1576	1577	1578	1579	1580	1581
1582	1583	1584	1585	1586	1587	1588	1589
1590	1591	1592	1593	1594	1595	1596	1597
1598	1599	1600	1601	1602	1603	1604	1605
1606	1607	1608ʤ	1609	1610ʡ	1611ʥ	1612ʢ	1613ʣ
1614ʬ	1615ʧ	1616ʦ	1617ʫ	1618ʩ	1619ʨ	1620ʪ	1621ʮ
1622ʲ	1623ʯ	1624ʱ	1625ʶ	1626ʵ	1627ʰ	1628ʴ	1629ʳ
1630ʷ	1631ʹ	1632ʼ	1633ʻ	1634ʿ	1635	1636	1637
1638ʾ	1639ʽ	1640	1641	1642	1643	1644	1645
1646	1647	1648	1649	1650	1651	1652	1653
1654	1655	1656	1657	1658	1659	1660	1661
1662	1663	1664	1665	1666	1667	1668	1669
1670	1671	1672	1673	1674	1675	1676	1677
1678	1679	1680	1681ˢ	1682ˣ	1683˥	1684ˤ	1685˦
1686˧	1687˫	1688˪	1689ˬ	1690˭	1691ˮ	1692˰	1693˯
1694˳	1695˲	1696˵	1697˿	1698˾	1699˽	1700˼	1701˹
1702˺	1703	1704	1705	1706	1707	1708	1709
1710	1711	1712	1713	1714	1715	1716	1717
1718	1719	1720	1721	1722	1723	1724	1725
1726	1727	1728	1729	1730	1731	1732	1733
1734	1735	1736	1737	1738	1739		
T
1740	1741	1742	1743	1744	1745̤	1746̥	1747̨
1748̧	1749̫	1750̬	1751̩	1752̰	1753̯	1754̲	1755̳
1756̸	1757̶	1758̹	1759̾	1760̿	1761̽	1762̼	1763
1764	1765	1766	1767	1768	1769	1770	1771
1772	1773	1774	1775	1776	1777	1778	1779
1780	1781	1782	1783	1784	1785	1786	1787
1788	1789	1790	1791	1792	1793	1794	1795
1796	1797	1798	1799	1800	1801	1802	1803͢
1804ͤ	1805ͥ	1806ͣ	1807	1808ͦ	1809ͧ	1810ͨ	1811ͬ
1812ͩ	1813ͭ	1814ͯ	1815ͳ	1816Ͱ	1817Ͳ	1818ʹ	1819͵
1820ͷ	1821Ͷ	1822͸	1823ͻ	1824ͼ	1825ͽ	1826Ϳ	1827;
1828	1829	1830	1831	1832	1833	1834	1835
1836	1837	1838	1839	1840	1841	1842	1843						
W
1844	1845	1846	1847	1848	1849	1850	1851
1852	1853	1854	1855	1856	1857	1858	1859
1860	1861	1862	1863	1864	1865	1866	1867
1868	1869Σ	1870	1871΢	1872Ϊ	1873Χ	1874Υ	1875Ψ
1876Ω	1877ά	1878ΰ	1879α	1880β	1881γ	1882ί	1883ή
1884	1885δ	1886λ	1887ζ	1888θ	1889ν	1890ι	1891ο
1892κ	1893	1894	1895	1896	1897	1898	1899
1900	1901	1902	1903	1904	1905	1906	1907
1908	1909	1910	1911	1912	1913	1914	1915
1916	1917	1918	1919	1920	1921	1922	
X
1923Ϧ	1924	1925	1926ϣ	1927	1928Ϣ	1929	1930Ϥ
1931ϧ	1932	1933ϡ	1934Ϫ	1935	1936	1937	1938ϥ
1939ϰ	1940ϯ	1941Ϯ	1942ϱ	1943ϴ	1944ϲ	1945Ϸ	1946ϵ
1947ϸ	1948϶	1949Ϻ	1950Ϲ	1951Ͽ	1952	1953Ͻ	1954ϼ
1955	1956	1957	1958	1959	1960	1961	1962
1963	1964	1965	1966	1967	1968	1969	1970
1971	1972	1973	1974	1975	1976	1977	1978
1979	1980	1981	1982	1983	1984	1985	1986
1987	1988	1989	1990	1991	1992	1993	1994
1995	1996	1997	1998	1999	2000	2001	2002
2003С	2004	2005Т	2006Ч	2007У	2008Ц	2009Щ	2010Ъ
2011Э	2012в	2013б	2014г	2015Я	2016Ь	2017д	2018й
2019к	2020ж	2021м	2022е	2023л	2024з	2025	2026
2027	2028	2029	2030	2031	2032	2033	2034
2035	2036	2037	2038	2039	2040	2041	2042
2043	2044	2045	2046	2047	2048	2049	2050
2051	2052	2053	2054	2055	2056	2057	2058
2059	2060	2061	2062	2063	2064	2065	2066
2067	2068	2069	2070	2071ѡ	2072Ѩ	2073ѧ	2074ѩ
2075Ѫ	2076Ѱ	2077Ѳ	2078ѯ	2079ѭ	2080ѵ	2081Ѷ	2082Ѹ
Y
2083ѹ	2084ѽ	2085ѻ	2086Ѽ	2087	2088ѿ	2089	2090
2091	2092	2093	2094	2095	2096	2097	2098
2099	2100	2101	2102	2103	2104	2105	2106
2107	2108	2109	2110	2111	2112	2113	2114
2115	2116	2117	2118	2119	2120	2121	2122
2123	2124	2125	2126	2127	2128	2129ҡ	2130ң
2131ҧ	2132ҩ	2133Ҫ	2134ҫ	2135ү	2136Ҳ	2137ұ	2138Ұ
2139ҵ	2140Ҷ	2141ҳ	2142ҹ	2143Һ	2144һ	2145	2146
2147ҽ	2148	2149	2150	2151	2152	2153	2154
2155	2156	2157	2158	2159	2160	2161	2162
2163	2164	2165	2166	2167	2168	2169	2170
2171	2172	2173	2174	2175	2176	2177	2178
2179	2180	2181	2182	2183	2184	2185	2186
2187	2188	2189	2190ӡ	2191Ӧ	2192Ӣ	2193Ӥ	2194ӥ
2195ӭ	2196ӯ	2197Ӫ	2198Ӭ	2199Ӯ	2200Ӱ	2201ӳ	2202Ӳ
2203Ӵ	2204ӵ	2205	2206Ӿ	2207	2208ӿ	2209	2210
2211	2212	2213	2214	2215	2216	2217	2218
2219	2220	2221	2222	2223	2224	2225	2226
2227	2228	2229	2230	2231	2232	2233	2234
2235	2236	2237	2238	2239	2240	2241	2242
2243	2244ԡ	2245Ԥ	2246	2247	2248	2249Ԣ	2250
2251ԣ	2252	2253	2254	2255ԥ	2256Ԫ	2257Ա	2258԰
2259ԭ	2260Բ	2261Ԭ	2262Ԯ	2263Ե	2264Դ	2265Զ	2266Թ
2267Ժ	2268Ը	2269Ի	2270Լ	2271	2272	2273Կ	2274
2275	2276Ծ	2277Խ	2278	2279	2280	2281	2282
2283	2284	2285							
Z
2286	2287	2288	2289	2290	2291	2292	2293
2294	2295	2296	2297	2298	2299	2300	2301
2302	2303	2304	2305	2306	2307	2308	2309
2310	2311	2312	2313	2314	2315	2316	2317
2318	2319	2320	2321գ	2322ը	2323ժ	2324լ	2325խ
2326ծ	2327մ	2328ճ	2329չ	2330ռ	2331ս	2332վ	2333
2334	2335	2336	2337	2338	2339	2340	2341
2342	2343	2344	2345	2346	2347	2348	2349
2350	2351	2352	2353	2354	2355	2356	2357
2358	2359	2360	2361	2362	2363	2364	2365
2366	2367	2368	2369	2370	2371	2372	2373֤
2374֣	2375	2376֢	2377֮	2378֧	2379֭	2380֥	2381֦
2382֪	2383֯	2384֫	2385֬	2386֩	2387ִ	2388ֱ	2389ֵ
2390ְ	2391ֲ	2392ֳ	2393ֹ	2394ֻ	2395ּ	2396ַ	2397ֽ
2398ָ	2399ֺ	2400	2401־	2402	2403	2404	2405
2406	2407	2408	2409	2410	2411	2412	2413
2414	2415	2416	2417	2418	2419	2420	2421
2422	2423	2424	2425	2426	2427	2428	2429
2430	2431	2432	2433	2434	2435	2436	2437
2438ס	2439	2440ע	2441	2442פ	2443	2444ף	2445
2446	2447ץ	2448צ	2449ר	2450ש	2451ת	2452׬	2453ׯ
2454׮	2455װ	2456׳	2457״	2458ײ	2459׷	2460׼	2461׽
2462	2463	2464	2465	2466	2467	2468	2469
2470	2471	2472	2473	2474	2475	2476	2477
2478	2479	2480	2481	2482	2483	2484	2485
2486	2487	2488	2489	2490	2491	2492	2493
2494	2495	2496	2497	2498	2499	2500					


A

123֡4567֡89á

B

10ǡ11š12̡13ơ14ϡ15С1617⡡18衡1920
2122232425262728293031
32㣡33343536á37ġ38ذ39ɡ40ӡ41С42ԡ
43ס44赡45ᡡ46ҡ47衡48롡4950515253
54͡5556ޡ575859606162ˡ6364
656667

C

68ǡ69ѡ70ס71ڡ72ޡ73䡡74硡75767778
7980818283848586878889
9091Ρ92ѡ93ӡ94ա95ڡ96ޡ97ܡ98衡99롡100101102103104105106ѡ107108109
110111112113114¡115116͡117ס118ء
119ܡ120ۡ121ޡ122ݡ123㲡124⡡125ꡡ126顡127졡

D

128129130131132133134߶135136
137138š139֡140ӡ141ޡ142١143ࡡ144ᡡ145ۡ
146⡡147衡148顡149衡150롡151졡152153154
155156157158159160161򽡡162163
164á165ʡ166ơ167С168ҡ169ա170171ڡ172ۡ
173͡174ߡ175⡡176⡡177顡178桡179衡180塡

E

181182183롡184ꡡ185186187㵡188189ج
190191

F

192193194195ˡ196̡197͡198ԡ199ա200١
201ޡ202203204ܽ205206207208209
210211212213

G

214Ρ215ؤ216̡217͡218ϡ219ѡ220ϡ221ӡ222ԡ
223ء224ܡ225ᡡ226ࡡ227⡡228䡡229230顡231
232233234235236237򼡡238239240
241242243244͡245ѡ246ԡ247ӡ248ԡ249ס
250䡡251롡252塡253254255

H

256257258259260261262263264
265266267268269𩡡270̡271桡272롡273
274275276277278279¡280281282
283ˡ284̡285ȡ286ɡ287С288ѡ289ϡ290ܡ291䡡
292塡293ߡ294ޡ295ࡡ296硡297

J

298299ߴ300301302303304305306
307ˡ308309ꡡ310311ա312顡313ߡ314塡315
316317318롡319320321322323324
325֡326327328329ӡ330331ġ332ơ333ʡ
334ȡ335á336ˡ337ɡ338ѡ339͡340ա341ޡ342桡
343롡344塡345346347348349350351
352ġ353354¡355ʡ356Ρ357С358ԡ359ϡ360ۡ
361ڡ362桡363⡡364ꡡ365衡366顡367368졡369
370371ȡ372373374375

K

376377378379380381382383384
385386387388389ġ390391ѡ392ҡ393С
394ԡ395١396ߵ397ܡ398ߡ399塡400桡401ꡡ402
403404405406407408409410411
412

L

413414415416417¡418魡419š420ơ421롡
422ѡ423ԡ424ӡ425ҡ426ݡ427ڡ428ߡ429ޡ430⡡
431ꡡ432졡433顡434435436437438439
440441442443444445¡446447ȡ448ڡ
449á450ԡ451t452֡453ա454ۡ455ݡ456ߡ457ޡ
458459ࡡ460桡461462⡡463䯡464465466
467468ʡ469470471¦472§473¨474ª475®
476­477±478²479¸480»481482¡483š484ơ
485͡486ա487ء488١489490ࡡ491ᡡ492⡡

M

493󡡡494495496497ç498ê499î500501ġ
502ȡ503å504505ʡ506̡507䡡508ҡ509С510١
511塡512顡513졡514ꡡ515516517518519ڤ
520521522ɡ523ġ524ԡ525į526塡527ļ528
529ĺ

N

530ࡡ531ӡ532觡533š534١535ݡ536䡡537硡538塡
539540졡541롡542543544š545546547Ţ
548ť549ŧ550ű551Ű552ų553Ŵ

O

554Ź555Ÿ556Ż557ź

P

558ſ559ž560ҡ561ǡ562ȡ563ˡ564ϡ565ҡ566󦡡
567١568ۡ569桡570顡571롡572573졡574575
576577578ơ579Ƨ580桡581Ʋ582Ƹ583ƹ584ƺ
585ǡ586͡587С588ԡ589١590ء

Q

591⡡592ࡡ593594ꡡ595顡596597598599
600601Ǣ602ǯ603Ǭ604ǭ605Ǵ606Ƕ607Ǹ608Ǻ
609Ρ610¡611ȡ612㾡613Ρ614͡615ϡ616̡617ˡ
618ӡ619ա620ۡ621ܡ622ޡ623ߡ624䡡625ߡ626桡
627628629᫡630631Ȭ632ȳ

R

633Ƚ634ȿ635ɡ636С637ҡ638͡639֡640ס641ء
642š643ߡ644ࡡ645塡646䡡647ꡡ648졡649650

S

651652653ɦ654ɧ655656ɬ657ɪ658衡659ɷ
660661ɸ662ɾ663ɿ664á665ġ666ѡ667Ρ668ӡ
669ס670ݡ671⡡672롡673674675ϡ676677ʸ
678ʺ679ѡ680á681682ȡ683ġ684ᡡ685硡686ꡡ
687688689ˡ690691692693󰡡694˩695˨
696̡697˱698˸699˶700ԡ701˻702ȡ703š704롡
705706ϡ707С708֡709ڡ710ݡ711塡712713
714715716¡717

T

718̣719̦720̭721̱722̵723̷724̴725̺726ġ
727š728ȡ729ʡ730̡731ϡ732ܡ733ޡ734롡735ꡡ
736顡737衡738739740741742ͮ743ͫ744ͱ
745͹746ͺ747ǡ748ɡ749ʡ750͡751ࡡ752Ρ753ԡ
754ҡ755֡

W

756ݡ757ࡡ758㡡759760761762763764
765766ˡ767ޱ768Ρ769ᡡ770έ771η772ξ773⬡
774ε775776ɡ777ˡ778С779ϡ780ء781ס782ܡ
783ߡ784ࡡ785ڡ786ꡡ787桡788ġ789790졡

X

791792Ϭ793Ϩ794󬡡795㡡796ϻ797798Ͼ799ڡ
800ۡ801⡡802803졡804805806807808Ф
809810Х811Ы812а813Ю814и815о816п817н
818ܰ819ơ820ȡ821ڡ822⡡823硡824桡825826
827828829830831832Ѣ833š834Ѥ835֡
836ѥ837Ѧ838ѫ839Ѭ840Ѯ841ѱ842Ѵ843ѷ844ѳ

Y

845Ѿ846Ѻ847ġ848á849ȡ850ɡ851֡852ѡ853ܡ
854⡡855䡡856衡857ߡ858ꡡ859860졡861862ز
863ߺ864865Ң866ȡ867Ҧ868Ҥ869ҥ870Ҩ871Ҭ
872Ҹ873Ҽ874875ݡ876ȡ877С878١879ء880
881882883884885886887񫡡888ݺ889ӣ
890С891ӫ892Ө893ө894ӱ895Ӷ896ӹ897ӽ898ӻ
899ϡ900ӡ901ء902١903塡904硡905⡡906ܡ907ߡ
908졡909910911ԩ912ԧ913Ԩ914Գ915Է916
917š918ɡ919͡

Z
920ա921ߡ922䡡923顡924衡925926զ927928
929բ930է931թ932դ933ե934ի935կ936ձ937հ
938ն939յ940ո941շ942ջ943944á945946ȡ
947ѡ948ӡ949ء950ޡ951ᡡ952ꡡ953塡954955
956957ݡ958959֨960ֶ961ġ962ֿ963ȡ964
965ϡ966͡967ɡ968ԡ969ࡡ970⡡971㡡972䡡973硡
974975976977978ק979׫980ױ981982׵
983׶984׹985׺986׸987׻988׿989׾990ơ991¡
992ǡ993á994ġ995996ɡ997梡998ᡡ999䡡1000
